100000.0 74860.55 5499.61
99186.9 74360.07 4781.35
98918.95 70497.35 5733.93
97583.49 69943.33 8845.05
92711.21 75096.72 848.45
93293.73 67328.27 6613.48
90959.62 80891.81 5383.08
94019.14 84846.59 3685.8
90042.23 82683.18 2106.33
91993.82 64539.1 3004.87
92983.81 60814.0 5257.98
89731.24 62637.81 9281.63
85208.25 69275.43 851.01
83225.5 76403.16 7249.06
83522.47 74687.82 654.17
98086.6 91631.13 9592.69
82748.45 79465.11 3775.65
84330.43 84367.93 5055.31
89408.07 59205.25 7790.32
81748.55 71186.88 534.4
92085.06 94335.34 8152.86
78846.7 73662.65 3906.98
93328.5 95547.96 4295.87
79576.69 81342.2 1308.51
78120.96 72875.15 9168.73
80155.73 62811.07 5511.12
76993.36 76037.26 2215.12
87547.1 54849.05 4567.32
84765.33 92537.8 9649.01
97839.01 98443.78 6666.17
91373.43 52953.57 8338.3
91164.96 52685.52 6309.89
81849.21 59133.23 2658.19
97367.79 99555.14 5738.22
78564.76 87712.32 3859.44
75314.31 81275.7 4756.93
73555.69 76284.83 6989.74
75671.41 84853.05 753.62
77695.69 91181.26 396.38
71937.11 77174.69 5575.07
74854.09 61225.62 9025.61
96410.82 45690.97 4122.15
84170.98 48520.7 6543.23
79986.49 98628.33 7918.52
81244.99 50019.32 3903.23
70084.16 82580.75 9966.02
92320.17 44654.74 7915.41
92697.13 44340.44 2931.48
80796.31 50156.28 9270.51
69060.92 68437.68 1987.48
71998.12 91015.23 8416.92
92681.15 43116.78 8712.08
67028.01 72616.16 9219.81
67298.4 80013.02 869.91
73644.23 53348.91 5213.06
70985.64 92800.41 7920.14
98083.66 40558.43 2705.92
66212.9 65927.82 5265.24
92962.58 40597.67 9202.21
70495.82 94075.45 5639.51
80268.75 45220.36 597.17
72690.66 98974.3 5004.49
63645.56 71435.22 6263.13
63434.17 68682.19 868.74
67741.03 56443.86 388.71
63668.98 84461.74 8791.3
74713.26 46277.03 5954.76
70381.44 99742.62 2114.0
61434.82 79512.67 7362.7
64352.58 56211.88 5329.47
64942.51 55054.35 1312.42
59683.75 71771.34 3048.06
67986.88 50271.79 9525.2
59129.34 80211.71 5183.39
63730.96 52737.27 7069.51
57733.18 80362.14 6903.25
70924.68 43597.79 9647.25
93846.36 32330.95 1659.1
60948.68 93142.76 7909.86
57040.0 80371.29 1776.01
81250.15 35445.47 6691.53
56370.56 73489.37 3025.33
72027.39 41299.28 9027.04
75914.52 38312.2 9246.13
70419.78 42495.24 9969.01
55636.18 75135.5 6611.08
69462.28 42514.45 8911.83
57201.39 62250.8 4688.61
57413.36 60947.74 2901.34
61677.32 98312.19 6689.07
55874.1 65143.36 6705.83
84700.79 32370.88 2831.13
94301.56 29458.04 1822.98
55126.58 86886.78 684.13
83406.36 31002.26 5304.76
66791.68 41837.61 343.05
62069.32 46590.75 3388.11
54183.35 88365.02 7078.58
51957.21 79425.64 2611.08
61621.19 44398.48 4624.18
77935.31 31116.36 871.02
56755.82 98668.54 6770.82
77111.44 30904.41 9628.08
50905.97 87113.15 751.67
96879.21 23625.39 7942.12
48630.87 79622.37 7176.53
52962.84 95711.53 1034.07
52226.17 94586.13 5652.55
64131.25 37555.94 1719.59
51362.09 56648.11 3016.93
81758.75 25855.45 4988.33
48315.13 64174.4 4231.56
50056.73 91668.09 1465.09
62628.01 37415.7 9606.73
70515.22 30753.5 333.83
51880.03 51866.71 2868.8
47540.66 86054.07 4892.78
56926.53 41554.35 6274.09
50809.7 51850.76 9513.81
55528.57 43267.27 1265.29
57743.59 40267.54 1812.34
48994.54 94087.22 455.03
45048.5 75139.78 2040.09
98094.42 19263.68 6257.75
47865.29 52563.75 9507.17
61969.0 32364.48 5559.66
96920.3 17906.84 4435.79
65305.81 29357.58 7090.9
55301.02 38898.81 4583.68
60241.16 32796.42 8658.59
67581.97 26708.67 6763.69
41660.02 67979.1 5481.76
48611.04 46509.25 1534.42
61465.99 30403.12 9687.7
92841.74 16073.16 5024.31
48254.75 45291.03 3049.71
48746.76 43917.42 5045.67
89812.08 15796.76 6143.13
42850.35 56098.05 9809.63
64053.33 25762.35 6122.71
41107.82 92713.14 8598.15
37818.76 65391.55 834.13
40218.99 96011.57 3667.55
38934.35 57664.73 4792.31
88095.62 11736.58 3848.62
49453.64 35125.89 4595.6
53303.88 30687.6 2201.63
36505.55 63280.96 6852.73
78800.66 13830.51 5874.89
58269.19 25283.77 6199.73
35676.61 83265.21 3967.99
42192.21 45178.58 2558.98
71773.32 15915.85 4720.28
35437.38 85409.32 2802.26
34670.54 71064.48 2891.6
34373.38 68125.79 9471.18
74266.92 13914.85 5150.77
34399.02 66253.67 5653.3
44498.04 39082.77 429.44
40283.57 45115.84 3540.34
35343.52 93569.37 4751.54
76919.89 11363.27 3400.42
47848.37 31772.1 9009.27
40406.15 42602.55 822.48
70368.51 13362.79 5930.3
39956.66 40188.18 9100.46
76009.85 9788.11 9121.9
77444.32 9179.86 6107.78
57887.42 19556.32 5505.39
60508.68 17501.77 6842.43
67121.54 13614.73 9915.0
53959.97 22388.16 8238.08
47247.55 28496.01 4978.04
32695.29 54845.69 3099.86
42780.27 34071.24 2442.21
38903.06 39917.1 3912.85
84894.78 5551.6 6532.94
57381.54 17331.82 5658.61
31507.65 97024.55 6371.07
76104.91 7039.34 9484.91
39157.89 35743.11 5266.55
28754.85 86940.68 1365.22
75724.75 6665.29 9390.28
28909.49 60754.76 1811.06
39985.5 33163.92 7387.57
42839.38 28758.76 7423.94
54400.19 17053.56 7460.2
26864.86 83999.4 4965.1
46282.43 24274.94 1914.74
37749.34 34360.57 6200.01
51547.94 18628.33 2039.77
34078.53 40696.0 9526.58
57786.19 13681.82 2582.23
25859.47 68211.91 8253.97
41317.47 28859.28 2290.05
40921.49 29165.76 6524.22
32919.75 41687.17 791.23
26842.64 57779.43 7803.91
27474.23 94463.48 816.63
27463.4 95004.05 3607.67
24978.35 86396.06 7091.38
49331.58 17977.19 823.5
45269.97 20734.11 1782.45
23240.64 67282.81 3935.73
47832.01 18059.31 1702.05
22860.63 68012.63 544.1
22327.67 73379.17 7332.37
25311.15 51225.79 1330.35
36119.93 29099.02 4521.46
39477.61 24667.19 5731.15
24249.66 96350.75 9648.36
57399.42 8108.32 4822.34
68030.85 2267.42 2525.5
62044.21 4940.74 3076.76
20780.28 62873.78 592.42
21953.98 55862.26 1472.65
19379.64 73139.41 4127.84
20241.7 87369.41 6846.66
22946.42 50574.53 4727.06
51744.08 9994.09 3798.53
22266.29 52391.96 6053.27
19400.21 67404.37 2077.66
29474.78 34659.3 2282.45
56319.84 6126.65 9431.83
19134.86 85017.87 2434.51
18451.81 65375.75 9921.0
54264.19 6487.53 6996.69
55300.95 5643.42 6318.63
17735.84 78983.6 2623.5
24641.03 41360.93 6177.16
18177.86 65412.14 834.63
20308.94 53289.14 6988.59
24164.69 39216.18 8380.48
22477.81 41814.07 3437.28
21630.94 43809.57 3993.8
20323.57 46498.18 4933.68
15426.51 79050.53 6342.56
58893.54 816.91 4642.45
18132.23 99533.36 8933.13
16551.08 95488.8 5065.2
57358.43 108.67 3414.24
13469.68 70397.76 669.93
16443.47 98754.63 1949.96
13581.66 63600.43 189.21
13020.07 66713.28 5993.3
26997.58 26754.07 8587.8
12376.07 72197.36 9759.01
19121.82 39665.63 5341.84
12122.44 66304.04 3518.39
37473.26 12389.27 4634.85
11294.29 74262.77 6375.79
12806.47 58720.21 2384.63
35387.1 13689.9 3566.52
12147.78 89030.79 1998.83
18982.92 37086.42 4984.29
21834.17 31480.09 9626.92
12615.4 94783.4 8163.23
13090.42 50889.45 656.35
42261.36 5529.52 9765.86
9721.97 66412.88 2487.87
9281.76 68944.42 6651.17
11317.99 97582.59 8291.1
20201.08 29693.59 5920.35
39222.52 6109.0 4055.56
10973.22 98994.3 4207.15
8358.5 86153.95 3360.28
8116.96 64559.16 6254.41
9523.97 55061.82 6392.56
28778.8 15253.38 8331.88
16543.86 34014.41 6051.73
23837.18 21642.35 968.53
27800.93 15218.07 8345.41
23143.01 19507.03 2216.36
5765.45 64775.03 4847.7
4818.61 79192.34 6102.69
12661.36 36676.62 5895.19
4576.0 74866.45 2333.69
3803.03 71867.43 5767.09
5955.25 96614.13 8205.53
3596.04 78492.09 9842.33
5378.84 94384.5 3355.61
3010.44 72303.21 2789.5
24846.71 13423.02 1492.57
2448.2 71599.88 1877.13
7816.31 42356.16 3036.62
11248.89 33918.67 9150.4
7946.31 39584.64 5737.07
2959.76 54815.73 4809.83
1181.09 66572.82 7188.14
27326.01 7232.09 7152.02
1476.63 62035.44 6772.92
32948.08 1484.86 4815.49
27094.85 6847.81 8872.57
31642.27 2151.06 8462.85
5355.87 42648.17 6791.13
31137.69 1888.36 549.8
1749.47 54054.88 8617.47
1882.04 52353.79 5488.4
19903.68 13075.97 5150.3
81.17 57233.96 9167.57
25548.06 5512.2 6243.16
2969.1 42260.96 9593.54
19666.49 11056.03 9842.63
25614.66 3339.72 2992.33
1909.73 38390.74 9218.74
10173.53 19262.81 4590.12
24222.87 591.59 4348.14
11783.93 11515.53 4840.41
13512.55 8999.61 7183.23
11814.76 52.62 6435.65
3856.0 9422.5 8455.23
406.49 12692.62 4458.74
7017.34 1190.0 1041.99
1298.38 3794.94 4224.18