100000.0 59652.34 5022.0
98358.27 61148.94 6423.6
96903.47 58915.3 5468.23
96841.58 62987.11 4667.95
93832.63 59556.16 4051.8
95036.63 63407.54 4415.4
95570.16 55724.35 9654.01
91679.4 57969.38 5146.99
94115.86 54991.7 9809.81
99209.17 67778.14 1309.45
91535.18 56331.36 806.14
89846.95 60774.63 617.48
92412.96 50546.27 3205.01
91334.89 51228.96 3206.87
88717.4 54144.96 3462.48
92952.63 69907.92 7609.38
99892.1 72481.75 4819.56
91587.91 69456.94 1899.48
95665.79 72517.58 4661.74
87120.67 61363.52 288.59
91927.36 70426.46 702.99
89360.94 50717.55 8529.76
98440.77 45241.21 7457.04
85960.98 54507.87 5443.18
87958.93 67917.13 36.96
87600.72 51809.91 8.78
96041.42 44969.69 42.25
84230.61 55859.52 6072.94
84622.63 54843.03 7807.49
98663.51 76029.71 3844.14
90937.06 46247.08 8183.29
88135.72 70963.65 7582.55
88293.98 71939.33 3225.82
92732.14 75383.06 6004.92
95901.57 76458.48 7700.18
98606.21 77425.41 4154.08
83578.44 52199.36 3003.02
91727.31 43766.84 1385.02
84799.73 70649.21 4819.93
93136.48 41980.3 2711.77
80683.92 60047.5 4756.45
80774.33 57884.91 4219.28
80615.35 61875.6 4762.59
80222.4 56403.35 7760.46
86766.4 74993.45 5328.86
90010.49 41691.08 4544.83
85280.7 73958.43 3494.81
94169.24 38845.71 4712.01
91733.49 80140.63 7728.28
78885.25 52608.45 6102.57
78121.95 56339.67 2104.83
91120.3 80297.33 9159.36
83273.31 75412.66 4415.86
78584.84 50847.06 5554.91
90623.46 38350.97 3487.82
97028.24 36317.73 3873.72
76763.64 63601.13 4761.7
77237.7 53412.35 5014.65
77298.7 53830.97 2196.67
78740.88 69517.16 1823.23
94917.73 82958.73 6169.66
89018.37 80756.23 7782.22
88867.96 81076.82 5795.95
75951.61 62797.79 4344.07
92783.0 36473.22 6620.87
89394.08 37312.38 4595.15
98453.48 34845.76 5342.43
85287.9 39310.25 2324.2
93427.62 84180.61 4307.14
75105.95 55015.6 2785.41
81940.72 41552.87 2835.93
77354.58 48071.31 8603.73
90119.68 36042.96 2415.5
74420.35 55887.89 5362.75
75079.11 65228.25 9210.79
95727.33 86232.95 6399.81
97046.92 32006.02 5464.62
72922.49 65748.74 1514.31
73028.23 52430.28 9758.3
79879.49 79622.64 6790.57
88699.64 33756.4 1455.58
71478.52 63324.46 6963.77
77751.03 77714.16 1306.0
79678.96 38669.14 4006.28
77297.53 41103.85 1727.7
72166.59 50675.56 9904.34
70621.36 60626.34 9234.3
94322.9 88774.52 6826.47
90038.37 88211.83 7634.77
98070.95 89959.5 2643.16
69899.81 55457.2 1785.7
69920.5 65952.92 3959.24
96049.2 90302.44 3010.97
73156.97 74501.09 708.03
90585.25 30234.82 1399.73
69376.99 64189.4 759.21
68965.81 56298.63 7241.0
80135.65 83770.03 2090.69
77571.96 82344.04 7839.47
81541.92 33508.61 7040.59
91683.57 91098.88 6388.98
76997.3 36710.43 7146.17
70046.92 46424.17 2669.76
70438.51 44724.1 3735.4
78913.09 33990.0 7427.97
67405.21 52386.39 8298.27
82117.35 31308.14 2883.98
66726.24 64030.66 8825.62
69428.29 74198.5 7697.29
98776.9 25796.63 1979.61
70376.74 42097.5 4598.36
80482.77 88542.25 6644.01
73892.83 36643.31 1840.67
68011.46 45139.37 4920.06
76872.91 85887.95 8822.91
70512.51 40445.08 4368.95
80651.11 88997.77 379.18
69129.15 42027.77 6420.53
97005.46 24261.99 8796.99
82274.88 28685.34 640.43
77156.29 31667.44 4263.57
76987.8 31929.87 8722.04
69039.46 78513.87 2994.74
65389.97 70581.52 2198.67
77024.96 31529.59 8416.93
77406.11 88536.83 2477.04
75924.32 31860.52 8149.67
66600.12 43924.55 6343.75
77531.44 89011.66 6519.87
87842.39 94633.23 3160.89
86675.58 94222.97 1248.65
80275.83 28063.43 4844.29
88984.73 95215.82 1839.47
62866.19 62652.56 8824.09
71515.06 83871.05 2633.51
65284.47 45506.45 2989.09
69106.44 38476.42 9854.71
81836.84 92845.43 8330.25
88672.12 23181.69 4986.33
77449.84 90802.66 3272.67
82967.03 25385.32 9635.19
62703.29 69398.65 4962.72
98606.41 21117.22 4099.79
80994.71 26127.3 3214.39
76369.71 28851.83 487.18
61296.86 54653.61 7234.02
68032.86 82175.03 3630.63
74268.97 89535.37 2483.89
85499.58 22840.76 3081.81
61417.91 50569.78 5447.07
61909.35 69819.56 145.16
66456.93 80969.17 4674.7
65026.02 40820.62 1413.38
60551.55 55058.85 9070.13
61702.47 47818.75 6619.77
64957.84 39674.61 6173.41
60923.53 48661.18 96.86
61494.38 46143.18 8484.85
93831.95 19035.28 1672.57
78516.46 94894.65 7972.04
59304.3 69326.85 5583.22
79844.4 22731.78 5668.76
94478.22 18044.83 9343.82
65645.0 84213.42 6522.37
78869.85 23032.94 8938.84
58196.77 67621.58 5278.06
68928.76 30820.9 167.92
57582.38 64320.57 3868.13
88029.01 18690.31 3082.5
62414.41 39377.13 3844.3
71634.13 91664.07 7432.02
61625.8 41048.03 9124.5
57631.84 67533.96 7346.42
63778.24 83147.09 4360.16
63076.27 82058.21 5109.56
77730.81 22581.69 4404.81
70949.23 91944.01 4588.13
73372.75 25581.06 424.45
68980.0 29183.26 3713.3
97944.94 16190.32 4607.22
58011.37 72299.29 3113.24
78375.96 98022.53 6355.11
57832.94 72289.49 8328.03
82529.34 99987.16 9997.89
75995.25 96712.79 830.67
71206.76 25836.33 3326.86
75281.36 96765.23 6269.96
55822.0 64332.3 9852.15
77965.23 98454.77 927.79
93761.59 15266.79 4377.17
55341.53 60901.68 1123.9
71851.66 95501.63 9329.23
54294.54 57831.87 2493.16
60438.75 82498.5 911.88
60914.95 83682.12 6009.29
92989.65 14543.0 9739.81
61012.3 35504.71 8114.15
59264.36 80989.44 6190.94
54598.66 52520.9 7912.04
75682.17 98843.73 1960.76
57175.25 41820.15 5484.73
54832.89 49179.22 1448.3
71301.61 96328.44 3762.43
56387.55 43019.25 3888.35
69013.29 24758.71 7807.3
68851.93 24622.49 5814.78
72757.6 97745.64 2797.39
71578.08 96960.89 5955.92
62538.53 31684.38 921.85
66337.47 26735.39 3629.99
98454.72 12474.36 1910.54
92341.63 12979.75 6289.92
68834.43 95168.5 2207.21
54434.12 72081.56 9390.95
79785.41 16714.43 6260.99
89594.53 13555.75 464.4
56152.29 78326.6 7516.46
62841.37 89724.48 6334.23
61503.56 88074.38 5593.77
81127.65 15736.34 1887.66
70404.51 22165.41 8796.0
64189.93 28084.06 9443.96
53053.07 49491.0 4706.03
83641.81 14385.63 6640.48
52285.34 55032.54 9985.55
57180.77 82092.14 2436.31
53736.96 45856.16 12.88
93096.05 11678.2 1432.26
54675.07 40816.62 5959.04
62259.75 27900.16 7196.5
51813.39 47622.63 1978.66
61361.09 90734.78 9304.07
59973.03 89424.78 4003.43
50065.14 56062.45 5606.55
57896.1 86749.74 6878.84
73751.94 16963.02 4508.32
56360.96 84297.13 6398.11
54301.1 39460.26 60.52
63473.21 94115.37 4386.06
50279.61 53099.36 967.74
49744.24 57063.93 2365.44
68760.41 99067.34 15.23
67297.89 21041.09 4111.24
62463.67 93627.66 8087.48
88308.71 10221.74 8504.89
67778.23 99077.21 5745.03
72252.15 16870.78 6627.62
49728.73 51092.03 3311.96
87502.24 10268.45 8873.87
49180.21 54559.3 8034.48
55384.45 84680.17 3944.27
95797.53 8622.6 4831.42
58100.77 88991.53 2199.93
48917.91 59266.81 9671.68
70294.5 17772.66 2624.21
48636.49 63754.13 2079.65
49526.07 49732.02 132.55
53691.85 82431.05 1119.86
58144.7 90083.81 4020.46
61144.36 93855.76 1690.65
86090.0 9492.48 3505.5
49357.61 46701.25 4308.07
49596.49 46084.6 1129.9
73269.76 14679.51 2687.41
91263.11 7970.87 6044.53
62798.68 22570.47 5272.53
47553.13 63136.21 6752.79
67115.88 18383.65 4804.72
90529.59 7597.93 6061.45
50743.42 78895.82 9701.88
99305.59 6483.02 6674.52
87644.49 7963.49 116.47
52176.31 83591.16 4067.37
55990.5 90459.65 6941.2
46532.85 64957.24 2084.1
61733.18 21808.57 2561.67
57444.73 92423.43 162.74
57299.3 92847.76 3305.29
89266.07 6479.93 4330.77
51583.12 83799.82 9278.94
50818.86 36624.47 6550.56
45591.78 61669.9 6431.03
58048.89 94283.67 8446.27
48469.57 77541.09 9559.7
69199.0 14365.58 6786.86
68526.5 14799.99 2779.12
58072.23 24316.47 2243.12
51100.47 34939.13 9026.54
44838.83 58254.85 7374.93
93009.57 4549.33 7882.61
60525.54 20588.7 935.29
50659.97 85773.92 5416.84
86806.9 5351.31 4409.85
67233.4 14367.27 7353.99
55016.61 26541.68 1271.2
44139.69 62558.05 2660.04
57011.86 23745.69 8001.91
54752.31 93041.75 5783.0
43592.18 59103.65 3015.24
46134.31 43004.53 1732.12
43317.24 62101.4 7839.45
55926.01 95579.08 7046.27
43177.81 55910.02 5348.5
43576.68 68050.75 5720.14
44922.48 74943.64 3431.48
43036.98 56356.03 9524.6
46155.27 40676.48 9998.87
42619.51 61845.6 5896.48
96354.41 2322.72 8174.73
48889.15 32753.46 3645.15
77480.53 6449.55 9995.8
46505.46 37606.65 9314.99
68705.11 10867.81 8891.75
99602.77 1501.35 5905.94
51618.03 27448.93 9196.68
49229.92 31053.24 607.89
49849.74 89673.63 7264.64
55741.91 21416.02 8339.39
69937.57 8993.16 2032.41
47445.29 32508.03 6706.14
55536.43 20415.06 5812.3
53482.16 96564.75 9136.41
73235.95 5879.18 7715.37
77066.07 4058.22 3701.69
52320.95 96528.35 3060.24
40187.19 51928.72 2496.22
39684.08 56894.41 6550.47
56130.59 17909.32 2858.75
74883.72 4502.89 5359.53
39588.65 66628.53 6019.31
47713.99 90716.56 5941.2
45801.47 87513.79 1460.5
82878.28 956.38 3325.77
40926.32 44081.41 1511.79
42125.31 79590.21 2975.85
59545.06 13390.95 969.69
42597.66 82079.41 3030.3
38639.12 52468.64 5022.41
65884.62 8024.43 6685.54
50460.23 22606.74 8389.46
37858.85 59655.66 1369.74
56174.32 15585.51 531.33
43420.56 33356.9 9598.85
60522.38 10871.67 1957.37
36978.97 62570.82 7448.71
36706.47 58334.91 7953.28
36861.83 54221.32 718.71
45474.01 26849.48 6411.72
59026.89 10951.48 6610.47
37119.67 50801.47 105.64
67999.35 4769.21 334.39
43345.27 89030.21 6548.06
42935.3 89974.59 4374.18
36613.73 47019.42 239.51
43911.17 26935.92 1419.51
43244.59 26218.79 6067.73
42755.78 26627.69 3435.5
66672.05 2734.28 289.39
51445.52 14811.84 953.84
34923.86 71703.3 1998.63
36341.61 78730.36 7748.76
39274.21 32698.89 9177.87
45789.2 21191.21 440.0
35768.94 42018.17 7304.05
40340.51 29925.63 6133.31
34300.96 71094.36 5202.7
33702.0 52168.38 92.3
38451.48 86202.85 3679.14
34066.55 71469.91 9008.16
32952.08 60824.86 2263.99
36111.16 38936.59 5136.43
32595.02 61803.73 6448.29
41223.36 26611.71 2537.64
34875.39 41542.89 3425.81
32310.3 58618.77 5213.96
37629.57 86824.92 3832.63
55871.74 7770.99 5112.39
57817.7 5660.63 1250.39
35419.26 36386.1 7195.36
32847.4 74077.09 6121.35
31506.73 66477.76 2949.86
31744.22 69688.06 5737.87
32150.28 73559.9 5347.73
30716.94 63299.68 9990.94
31967.95 74307.98 6995.51
47434.49 13422.05 9609.24
30199.78 52316.3 6220.4
30382.43 50919.4 7299.52
51066.87 9015.25 9684.83
49424.33 10405.9 7427.43
44291.88 16093.8 2587.64
52101.66 7774.41 9828.06
45820.91 13695.29 8554.99
36785.68 92307.65 1988.92
28387.18 58660.01 7277.48
47466.18 10918.56 7406.48
50595.85 7722.85 8692.25
35080.93 90461.15 3842.43
56441.82 2275.95 1108.95
27810.04 57543.8 5123.84
33545.33 30995.2 6345.69
32348.46 33919.0 965.81
29829.45 41618.14 9509.31
27388.63 58657.65 2807.73
48767.03 8104.8 5100.19
48605.77 8225.54 7288.75
37893.29 21976.11 8833.05
53057.7 4072.08 3686.64
32233.75 31969.13 8232.04
30455.75 36864.12 1309.41
36857.07 21637.44 1426.6
44150.94 11423.67 9451.73
44856.98 9803.8 5143.85
37177.98 19732.7 5338.84
51199.01 3590.08 9494.95
28496.75 80510.24 6627.51
37094.98 99493.96 1114.19
34339.59 95111.19 6248.02
34117.87 23881.16 6443.33
24963.25 61351.36 8059.82
25055.55 54639.53 6658.18
35414.7 21216.71 4696.79
48457.28 4741.17 1278.26
33515.58 95223.45 9963.72
43326.16 9422.76 6286.22
24965.11 47815.75 4893.99
41562.55 11018.64 5218.51
29288.42 87794.27 3048.74
34008.24 97859.57 4165.57
47125.08 4399.45 5150.43
24333.99 71498.53 6467.23
49089.7 2418.46 543.93
23602.88 68460.1 88.47
38203.04 13680.36 9687.03
27070.95 34287.15 8126.86
24831.34 78179.34 506.24
42132.73 7805.61 5875.99
25370.73 37771.34 2360.08
21191.77 57198.48 6851.28
21051.21 64394.27 2340.31
21122.82 54575.93 9545.75
25376.57 33335.92 2038.56
24066.24 36698.38 6585.46
22289.71 42943.98 7591.26
31399.79 19033.09 4801.54
20157.74 63389.17 1462.12
20665.99 49213.48 8287.52
25952.3 90180.6 7784.26
19835.94 59347.29 4903.01
40988.0 4828.27 6748.14
28952.14 97766.54 5561.51
43513.15 1739.54 7871.22
19813.07 70551.98 8696.58
19161.96 65574.66 3741.2
25207.57 90593.26 390.59
30581.9 17649.53 456.45
21244.68 79486.24 1771.74
33074.71 13709.38 9289.11
38943.02 5100.92 2907.49
17968.59 68227.91 1607.21
17422.68 64340.97 5161.82
18128.05 72642.81 7451.28
37314.25 5468.34 9182.31
25884.94 97434.17 2437.16
24368.11 94804.14 4176.8
16754.73 57311.99 9794.6
30561.77 13469.96 9242.86
37262.74 4330.39 4486.11
26638.56 19372.71 4989.91
18774.41 80547.75 1161.12
19377.5 84374.63 3890.69
37645.65 2724.55 1174.87
16078.31 70358.7 2186.34
15328.82 55095.18 3085.61
17694.49 38016.24 2354.96
19362.37 88338.75 5519.12
35987.31 2169.08 2390.3
24260.95 17811.56 1801.18
32465.19 5575.9 9877.52
16937.18 84714.34 5360.29
13255.41 58008.21 2275.16
12710.26 62057.93 5374.81
17195.81 31496.72 4536.46
19561.51 94420.64 5660.35
15143.11 38007.8 787.08
13232.22 47865.86 381.36
33070.83 2789.48 5163.52
12142.22 56740.42 3733.39
34598.33 875.04 1401.1
16775.3 30876.51 6137.45
13673.89 41761.1 2505.4
16074.27 32512.62 3649.64
11392.96 56973.02 4097.86
12994.21 42417.93 7752.61
24954.93 12245.51 8617.56
12420.49 75217.17 2538.83
14219.47 83302.96 2285.28
11378.17 51578.65 8507.55
11479.96 69984.09 358.59
21388.0 17237.32 5971.49
14300.82 33866.53 3936.83
12603.32 78841.56 8424.11
10200.33 61264.92 1008.61
27724.6 6298.26 216.61
26736.61 7516.9 8679.68
17423.21 96252.84 7300.72
15333.71 91725.52 2506.59
16889.2 23123.4 4522.45
20023.06 16713.06 1062.47
17018.17 96481.52 440.6
9522.69 50387.46 3644.29
31112.21 193.42 4205.52
16481.64 23305.11 4954.92
11834.42 82784.76 3965.15
14167.28 28656.3 3176.82
16577.29 96971.79 4609.58
16816.54 97505.43 3810.41
9019.95 50399.89 2569.95
19440.94 16286.97 5102.89
23133.96 10066.46 2154.07
29834.25 930.93 8656.04
10071.54 42654.56 9807.52
8372.45 63637.57 8138.44
8135.58 57772.44 5367.34
8089.29 60927.95 8228.28
17164.69 99497.04 8810.61
12626.7 88815.71 8452.57
25636.78 5102.23 7782.77
8618.11 45578.11 745.87
14870.6 95939.17 8248.84
11034.66 33713.95 6092.84
14749.54 23035.91 6965.63
23188.92 7723.49 532.91
8151.23 75287.3 8725.76
12344.6 91333.17 2074.48
12858.68 93062.86 4759.69
7256.64 70757.29 6921.97
13443.73 94899.95 6864.14
12676.62 93971.81 4685.09
6997.4 71842.27 8913.97
9360.97 35467.07 9888.29
10412.53 30317.59 9396.02
11142.64 27456.82 3734.45
12483.58 23799.37 8519.52
7921.83 82020.28 3598.65
13310.02 21288.87 7673.13
5277.72 61974.33 9323.21
7593.82 81369.01 8829.8
24180.63 2429.42 9486.18
6595.13 78414.11 2512.42
13777.62 18492.22 4492.09
5015.06 70099.45 6284.61
6856.52 37901.72 6805.81
4125.28 62783.4 4165.08
7141.53 35277.31 8574.69
12288.73 98760.41 8021.95
6560.93 82084.25 4459.28
4985.65 76605.68 7861.88
4993.78 42213.26 5088.65
14265.63 14905.97 4052.2
10739.53 97177.18 2398.91
3443.19 67075.27 8462.81
5446.24 81322.71 3405.27
5680.42 83220.2 4701.64
3941.93 74279.86 9702.92
17989.64 7085.59 4737.74
16796.52 9055.85 9188.46
3148.17 49220.9 8682.98
2762.87 66916.7 9877.84
6748.84 30825.87 1394.6
4346.59 39769.68 9838.25
7735.72 92173.32 1934.43
4293.76 81072.54 36.02
15999.73 8524.09 9090.26
17931.44 4986.2 3647.04
5313.12 30936.5 6654.2
3243.69 38498.02 7139.21
14785.77 9141.67 8412.59
19647.41 1627.28 2936.12
6098.47 91586.68 3878.47
2962.83 38374.79 659.94
326.37 59654.89 5486.5
7997.91 98426.87 1514.43
603.83 71091.65 1769.67
12845.96 10396.18 347.48
2463.61 83175.33 3716.2
1243.64 39083.65 1035.18
12950.83 8167.88 9248.64
5144.7 22626.68 2053.92
4702.14 23036.38 1120.22
640.47 83148.29 8935.02
4742.26 97252.27 1473.87
13001.55 5135.45 7222.71
11772.0 4529.07 3834.42
3280.23 20958.79 4687.96
7284.92 10220.52 2722.36
7692.93 9345.73 5300.38
5374.52 11274.63 430.2
836.02 99579.22 739.93
2567.06 10900.37 6711.35
339.69 14264.46 3857.85
3795.79 4504.6 6372.85
1976.48 6327.86 5407.36
816.21 7567.04 4001.9